150.99
144.71
150.01
117.95
162.28
154.64
157.31
187.15
166.48
112.23
151.87
159.04
131.40
173.10
156.41
173.31
137.86
149.96
197.07
155.45
181.41
129.79
104.32
161.79
101.32
126.10
112.10
145.40
114.66
196.84
127.39
129.30
123.33
152.28
146.84
143.70
104.80
149.09
103.84
182.74
193.71
117.23
139.99
162.59
110.45
194.09
107.98
117.87
195.86
146.95
129.71
155.97
166.01
149.22
152.87
100.07
110.51
138.56
172.09
190.72
118.85
125.46
106.65
183.20
134.85
140.24
155.55
173.31
106.96
102.69
183.21
107.52
123.51
174.37
123.97
185.57
196.28
106.27
132.25
142.79
183.20
126.22
146.43
107.86
121.69
119.70
179.45
167.45
177.48
145.46
196.56
133.32
101.04
192.99
191.90
100.05
123.41
132.69
129.18
101.61
116.12
131.71
169.28
123.74
186.73
108.35
167.38
105.74
179.86
176.30
186.20
169.98
107.12
186.20
137.70
150.44
133.86
106.55
136.02
152.52
110.25
198.67
116.44
165.67
145.37
130.88
151.63
167.51
188.27
146.32
174.99
103.65
197.94
145.30
103.46
100.87
155.32
168.71
136.94
173.05
194.72
171.75
100.27
108.93
109.72
158.94
185.02
188.82
118.73
110.64
142.92
163.31
159.61
169.07
180.70
141.16
119.14
167.28
106.74
176.08
193.37
178.78
184.28
112.10
117.68
137.03
152.62
146.24
101.86
124.47
188.46
193.38
154.49
158.88
192.48
193.49
183.79
111.03
103.19
183.86
117.22
172.35
159.28
170.30
191.03
153.71
154.80
170.29
122.92
137.26
157.18
168.40
195.47
122.09
187.18
119.72
146.58
101.35
192.00
160.54
184.00
183.74
177.96
137.17
115.48
125.39
107.60
143.68
113.43
169.50
107.61
167.06
113.71
100.59
178.41
174.55
181.72
107.92
144.30
141.90
165.71
118.07
133.58
113.61
197.46
100.97
132.42
106.78
193.17
175.14
113.09
118.44
153.96
138.36
197.65
173.19
164.35
128.16
181.31
152.56
139.83
172.63
106.54
180.57
180.00
126.82
148.24
100.72
142.52
102.46
143.34
169.31
164.96
189.42
173.95
106.62
126.53
136.27
192.12
193.51
159.67
104.17
156.60
174.11
192.96
133.53
137.00
127.13
130.64
166.03
129.36
197.99
151.99
145.90
118.42
142.07
144.05
184.01
116.70
115.16
164.90
105.62
108.20
161.56
171.70
118.70
125.31
192.44
137.40
133.31
191.58
117.54
123.30
134.65
170.30
191.84
170.74
162.44
168.75
165.40
124.39
177.51
161.73
179.47
102.42
102.84
114.10
134.76
183.91
110.71
102.15
168.96
192.97
190.40
155.85
119.57
120.64
171.27
170.39
115.51
140.55
195.28
164.08
136.35
142.64
129.68
191.99
101.54
130.00
185.88
159.96
103.74
198.77
163.60
121.78
179.94
147.89
170.89
184.21
122.25
146.53
179.99
188.81
166.02
120.41
166.56
187.45
157.34
105.27
145.66
179.24
194.01
155.47
161.61
130.61
154.70
188.95
110.81
157.39
179.37
195.88
176.91
108.03
140.96
137.60
135.47
150.42
152.65
115.12
142.32
131.34
188.55
191.60
153.48
147.11
156.13
112.44
137.82
136.91
148.14
177.95
133.89
185.93
119.17
188.81
171.35
104.73
177.07
102.58
124.51
133.02
153.27
110.44
190.43
101.75
117.58
168.04
187.27
175.30
132.89
191.53
150.06
187.43
103.00
160.44
160.35
179.16
153.02
152.84
183.96
144.40
195.70
175.00
106.68
190.19
179.58
137.68
151.56
122.29
185.13
174.26
133.67
174.16
133.53
192.15
157.87
107.34
199.59
198.13
193.85
124.89
174.87
140.96
168.63
155.96
110.18
169.78
101.35
189.13
177.44
115.84
167.95
154.94
130.41
166.82
123.71
184.06
110.52
117.82
130.68
196.27
140.12
151.48
134.11
107.74
168.37
120.30
106.77
179.47
187.09
179.38
133.55
167.74
113.55
144.38
139.98
179.33
144.88
130.69
177.78
178.66
125.22
163.20
168.08
141.87
130.51
132.96
168.88
103.60
168.29
116.86
176.90
196.50
110.37
169.79
196.13
140.21
124.48
144.55
105.45
197.29
147.99
194.42
135.90
176.55
151.37
165.61
124.39
131.05
172.04
192.34
145.50
167.29
160.33
166.09
135.07
155.41
168.26
162.25
110.57
105.49
129.49
172.51
161.55
154.54
123.68
109.24
130.92
190.54
192.64
119.35
132.61
125.49
176.72
169.54
154.42
117.41
170.16
142.06
176.34
133.09
151.70
110.93
193.95
137.84
132.95
152.11
174.26
196.22
181.18
177.87
186.89
168.72
115.35
175.80
147.47
193.34
144.78
175.62
182.14
148.03
118.21
163.43
171.95
100.31
177.91
112.33
164.37
163.88
167.92
100.44
145.39
198.16
128.90
143.47
150.14
106.86
122.54
177.23
152.66
113.89
168.17
187.46
115.91
121.24
141.08
199.31
102.41
182.15
177.78
106.88
142.42
155.29
156.77
144.29
131.85
140.60
175.06
174.26
185.48
136.21
120.62
197.50
102.05
196.95
148.68
166.68
107.67
119.99
105.93
122.83
131.13
130.53
110.77
158.22
130.95
191.64
190.12
150.38
137.40
116.23
193.61
104.46
194.81
116.13
154.63
187.62
189.94
183.84
144.28
138.28
129.71
165.49
169.02
185.72
188.70
150.48
195.96
120.81
180.69
172.42
150.32
117.58
121.49
189.24
119.33
116.98
140.83
185.79
113.54
149.32
170.08
121.64
182.45
189.64
179.34
128.46
154.43
111.84
162.75
147.15
172.93
131.41
174.02
182.80
130.54
104.07
195.40
147.33
160.54
178.48
182.96
154.27
131.42
184.47
168.66
127.69
104.15
175.35
115.09
188.50
154.27
132.66
113.18
185.05
131.19
184.84
184.49
142.20
125.71
187.53
100.37
113.39
143.35
162.34
158.13
133.34
135.99
193.70
160.82
185.95
127.01
138.55
131.83
121.00
176.48
112.80
157.78
176.66
171.77
179.78
194.28
190.20
196.48
181.37
187.81
108.52
125.84
120.07
163.72
142.22
120.42
121.91
106.03
142.12
141.54
184.05
107.22
115.67
191.45
138.67
198.13
141.95
189.67
144.95
177.24
188.84
132.34
155.08
146.34
183.55
146.07
186.66
125.20
138.58
139.86
174.07
161.86
189.28
179.00
164.17
176.95
156.20
153.59
168.30
180.76
105.71
190.83
181.38
179.76
145.78
165.07
131.72
145.81
160.36
192.53
130.56
155.71
155.18
158.53
149.08
121.31
160.91
114.51
162.43
121.14
115.24
198.97
165.23
113.40
124.50
182.30
181.22
157.07
187.60
108.78
160.65
193.01
150.30
110.60
183.64
140.21
146.32
198.88
164.90
143.61
172.95
194.20
186.00
169.38
143.98
145.34
164.76
181.27
160.00
199.31
108.66
147.17
137.40
127.51
188.47
119.07
141.11
183.83
111.88
101.47
173.50
168.73
172.93
173.27
181.91
199.96
102.19
156.78
160.72
145.61
145.39
133.37
140.50
157.85
153.52
190.00
176.22
156.86
176.25
143.54
169.34
153.65
112.17
130.35
184.50
167.69
184.67
167.41
150.54
190.59
179.71
188.48
167.59
170.90
103.66
133.71
177.40
146.45
193.07
124.22
192.35
130.50
136.14
184.94
120.05
166.16
145.87
187.90
165.24
199.03
158.81
176.31
138.17
182.84
120.12
195.03
149.90
124.50
155.31
197.26
128.55
195.90
122.56
118.97
148.00
188.03
185.37
112.82
120.57
159.70
144.59
111.52
168.72
138.13
121.67
147.02
157.26
161.24
190.07
186.06
137.21
112.78
110.86
155.76
125.07
190.53
140.09
123.06
117.52
165.06
140.60
161.17
119.99
131.91
148.88
182.76
150.27
133.70
119.06
145.00
163.15
130.17
189.89
134.72
130.59
124.23
198.71
123.07
103.63
109.61
196.33
139.05
176.51
192.01
100.86
148.19
171.46
149.88
165.21
139.07
163.51
142.91
122.75
113.74
168.59
146.98
119.09
150.17
125.25
192.92
133.68
155.25
110.86
112.80
144.59
154.60
146.16
152.49
192.00
172.19
158.81
192.07
151.86
137.07
196.17
126.71
139.37
117.16
100.12
199.80
124.22
120.73
182.92
147.34
154.19
125.00
171.74
108.12
151.91
188.53
121.96
177.69
170.63
178.74
134.45
135.74
169.34
199.51
150.23
156.39
194.96
134.95
137.88
118.73
139.75
134.93
133.22
171.03
175.96
155.63
138.75
166.08
156.60
133.96
141.33
177.72
110.78
118.82
160.29
128.49
155.73
103.66
195.59
107.54
